L: 0.0
ustar: 0.33016546659388973
wstar: 0.0
zi: 1.7704727407454235e+194
