L: -884.7793217896083
Q: 0.005
Tsurf: 291.9961226793649
ustar: 0.3935971314673547
wstar: 0.12081621506453526
zi: 10.430800924185506
