L: -811.8418140919892
Q: 0.005
Tsurf: 291.9934776080439
ustar: 0.38246837248122245
wstar: 0.515036570120456
zi: 744.7900000000283
