L: .nan
Q: 0.0
Tsurf: 290.9539725923334
ustar: 0.3444883379988244
wstar: 0.0
zi: 36.42776509031048
