# Averaged quantities from 72000.000000 to 75600.000000
ustar: 0.39991178310750886
zi: 874.7171743209199
