# These are dummy values copied from NaluWindRun03
ustar: 0.34427656516541305
zi: 682.6052958884528
