# Averaged quantities from 79200.000000 to 82800.000000
ustar: 0.3949156910411283
zi: 1202.9509572042143
