# Averaged quantities from 97200.000000 to 100800.000000
ustar: 0.3444794802137928
zi: 619.6399673535426
