L: 0.0
Q: 0.0
Tsurf: 290.89041319164124
ustar: 0.34302973690601163
wstar: 0.0
zi: 607.3430226085757
