L: 1.132199636194324e-72
ustar: 0.34059960052867005
wstar: 0.0
zi: 568.9229240469948
