L: 0.0
ustar: 0.32944077466084176
wstar: 0.0
zi: 4.640141195994234e+194
