# Averaged quantities from 82800.000000 to 86400.000000
ustar: 0.32911987186379493
zi: 632.6393782987246
