# Averaged quantities from 90000.000000 to 93600.000000
ustar: 0.34382387564830935
zi: 0.0
