# Averaged quantities from 111600.000000 to 115200.000000
ustar: 0.34427656516541305
zi: 682.6052958884528
