# Averaged quantities from 68400.000000 to 72000.000000
ustar: 0.39639678147666085
zi: 0.0
