# Averaged quantities from 64800.000000 to 68400.000000
ustar: 0.39890410330237186
zi: 817.9730673663923
