# Averaged quantities from 86400.000000 to 90000.000000
ustar: 0.3410302000381927
zi: 938.7400424615977
