L: 0.0
ustar: 0.32824330914422395
wstar: 0.0
zi: 5.09909215554171e+194
