L: 95.26891118517807
Q: -0.01221219842063447
Tsurf: 262.8750260416667
ustar: 0.2588033570460519
wstar: 0.0
zi: 15.450064343494661
