L: 96.2029088201524
Q: -0.012129365622722894
Tsurf: 262.8750260416667
ustar: 0.25908353656466326
wstar: 0.0
zi: 16.00549460611608
