L: 138.85922897767077
Q: -0.012046406315943345
Tsurf: 262.87500868055554
ustar: 0.29197012376498166
wstar: 0.0
zi: 187.95613356431326
