# Averaged quantities from 93600.000000 to 97200.000000
ustar: 0.34548621212866015
zi: 0.0
