# Averaged quantities from 104400.000000 to 108000.000000
ustar: 0.3439405088419167
zi: 777.8812771536999
