# Averaged quantities from 82800.000000 to 86400.000000
ustar: 0.38429243465800694
zi: 1708.1631328184137
