L: .nan
Q: 0.0
Tsurf: 290.87230584384156
ustar: 0.3480840996635293
wstar: 0.0
zi: 10.575032330572677
