L: .nan
Q: 0.0
Tsurf: 290.87620529458366
ustar: 0.34921630922495267
wstar: 0.0
zi: 9.107154983760593e+194
