# Averaged quantities from 108000.000000 to 111600.000000
ustar: 0.34469437402887415
zi: 638.8691492435945
