L: 0.0
ustar: 0.3321415487349162
wstar: 0.0
zi: 6.81893329576766e+194
