# Averaged quantities from 100800.000000 to 104400.000000
ustar: 0.3439142046790334
zi: 0.0
