# Averaged quantities from 75600.000000 to 79200.000000
ustar: 0.3956516324134124
zi: 842.3061674617827
