# Averaged quantities from 82800.000000 to 86400.000000
ustar: 0.3973913841897303
zi: 905.0530043805135
